003673
002879
001278
002937
001204
001137
001070
003740
001193
003604
001150
004323
004290
003775
002400
002556
001582
002561
000391
001128
000650_test
000102
002924
002943
003324
003254
000594_test
001675
004300
001946
000654
003465
000782
003869
000838
000544
002619
001228
001542
001112
000304
000017
001776
002373
000065
002863
002282
003835
002851
000020
002412
002650
000156
001388
002021
002542
000962
001230
003850
003731
001447
002912
003022
002815
000383
001079
000639
001260
001173
003445
003108
004048
002504
003834
002035
002651
002596
002787
002432
000522
000656
000001
002139
000043
000429
000229
001376
001280
003808
000295
001196
002444
001054
002548
003875
000604_test
002072
001205
000510
000520
000527_test
003726
002467
003260
002951
000007
003152
002001
002805
003247
003167
000986
003896
000471
002229
003279
003220
003290
003002
000204_test
003789
001747
000396
002668
000729
003841
001398
001598
000495
000689
001509
000194
001119
001244
000287
003035
002991
002962
002567
004251
002286
003889
003645
001788
001396
003005
002015
002983
003475
002663
000676_test
000013
001751
003282
003425
001830
004063
001439
002801
004347
001418
001799
002193
002468
002363
002154
000526_test
003208
004041
000307
001624
002143
004366
001895
000332
003751
001625
002622
003365
000453
001802
003658
000619
002881
000362
002317
001649
002051
000589
000669
000221_test
000677_test
000461
002673
002821
004232
002102
000132
002247
002749
003011
002380
000619_test
003354
002283
003794
003487
003164
002732
003984
002290
001796
000560
003050
002174
002840
000417
003020
001339
001126
003701
001705
001932
001915
001803
000345
000607_test
000501
000413
003098
001286
000155
003024
003224
001002
003426
001399
000683_test
002949
000273_test
001659
000228
000201
000676
002850
002266
000128
002717
000646
001581
002420
003269
002780
002624
000301
003059
003199
001248
000476
001720
001627
000605_test
002480
003716
002425
000598
001827
001060
001576
003595
000324
002580
003276
000443
000569
000353
001851
001514
004147
003389
002761
002923
001090
001473
000386
001646
000795
003746
003109
001451
002378
001178
001525
002105
004056
002720
002029
000261_test
000223_test
002893
002578
001030
003819
001939
000684
002484
002013
000033
000337
003647
004368
000127
002163
001361
001499
004336
002640
001308
003336
002718
000743
003318
003321
000693_test
002752
002830
001400
002549
002973
002353
002224
002037
001632
002215
002465
001424
004310
001888
003339
002510
004038
000592
002313
001459
003192
004216
003502
003411
003370
001650
003410
002828
000258
000823
000836
002237
002902
003293
000172
003018
004363
000586
000694_test
003685
002955
002106
001486
002430
002639
003032
004266
001081
003623
003619
000806
000685_test
003441
000549_test
002012
000012
002218
004265
002679
000115
003500
000947
000460
001118
003241
001922
004329
000529_test
002429
003416
002365
002635
003878
002789
002244
000690_test
000670_test
004270
004374
000840
000665
003166
001077
004272
002221
004357
001062
002277
003395
000719
001098
003223
000506_test
000592_test
001078
000534
000668_test
003440
000799
000748
001381
000042
001919
002653
001648
001017
001606
002945
000273
004143
002996
001490
000542
002913
003484
002275
002714
003340
002776
000234
002478
002214
001717
001555
002873
003265
003704
001266
000152
002458
002071
001861
000571_test
002311
001911
000150
002585
004086
002004
000577
002176
002326
000508
000226_test
002123
004140
001875
004306
004141
004255
003690
003991
000698
002409
000341
003383
003709
001903
000311
000572_test
001384
002251
003174
001970
002357
003104
002235
000059
003362
002416
003183
002797
000780
000328
000522_test
004149
003691
001550
004142
001589
004376
000079
004045
003178
002030
000244_test
000538_test
002723
003322
003800
003601
000077
004269
001304
001479
003180
001064
001815
002731
000036
002040
000293_test
000733
003401
003454
002581
001569
002940
002301
000269
003867
000120
002428
003885
003203
003608
000636
000536
001687
000805
000559_test
004388
000310
000683
003768
002387
004156
001242
001059
001095
003019
002526
002795
003181
002517
001000
004081
001265
004188
003047
001023
003687
000520_test
000266
004018
003212
000762
003386
004358
002027
002589
004361
001099
001135
000508_test
004381
004227
003741
004034
001814
000354
002740
003314
001349
001221
001410
002771
003162
002494
004343
002497
001110
004083
001378
003295
000996
002738
003193
002352
003133
001663
000255
001769
000444
002358
004020
002560
002741
000675_test
002003
003150
000089
003067
001502
000913
000069
001254
002511
001406
001293
000948
000902
004079
000954
000189
003842
000606
003417
000329
000482
003406
002856
000565
002547
000615_test
002031
000175
000220_test
000296_test
002392
002702
000465
004080
002529
000834
004283
003641
001444
001457
004007
003421
004105
002841
003029
001780
000607
002658
004335
000744
002393
004161
001443
003880
002477
004223
002654
002017
003366
002806
000560_test
003667
003026
003992
004001
001999
002895
000297_test
002599
001288
003043
001187
000751
003369
001198
000456
001440
004061
001080
000216
004196
001696
004221
000505_test
002712
002514
000659_test
000168
000303
000527
000664_test
000232_test
002784
001192
001018
002472
003699
001795
001315
002386
000224
003807
002606
000506
001634
002890
004377
002272
003710
002026
002588
002999
000696
001302
000288
004173
000640_test
001445
002727
002306
001840
002803
001849
000377
000791
002340
002095
000680_test
001157
000789
001677
003468
003721
004267
003225
001956
000081
000924
001610
001281
002081
003664
002059
001508
000090
003078
002125
000215
003477
000074
001637
000545_test
000117
004313
002056
003657
000448
001859
000559
000441
000028
003622
002093
003423
003286
000325
001375
000251_test
002285
002108
000613_test
001001
003249
000710
001394
003497
002039
002907
003692
000601_test
004043
002109
003703
000403
001935
003738
002323
001386
003149
000251
001247
004078
000812
002857
000787
001084
002557
000467
000110
002370
001826
003263
000210
003760
001718
001519
002438
003496
003107
002131
000326
000237_test
002936
001117
003443
002188
000699_test
000651_test
000548
003752
001877
000399
002882
002197
000214
000283
003294
003156
004372
000366
004033
002562
004262
003870
002068
002127
003505
001772
003737
001076
002053
000008
000772
000459
001972
003725
001042
003886
000283_test
002947
000749
001140
001069
003603
004125
000126
000776
001779
002303
004097
003306
000546_test
000707
004060
002140
002338
001160
002649
001695
002341
000580_test
000532
003333
002302
003463
001879
001886
003639
000945
003617
000288_test
004047
000968
000340
002025
004373
000274
001131
003637
001181
001172
001523
003829
001744
003350
003833
000753
002398
003291
003374
002170
002919
003669
000415
004134
003621
000585
001141
001446
002018
003147
002628
001408
000528_test
002533
000578_test
000617
001485
001101
004195
000533_test
000960
001476
001839
002041
000694
004345
000727
002838
000287_test
000045
004198
000275_test
002250
003745
003770
000507
000245_test
002642
000833
003158
001006
001623
003998
000906
004089
000692_test
000925
003707
001276
004027
003398
003070
001390
001351
002239
003099
001837
001551
001844
003890
001818
004129
002385
002060
001012
000652_test
001764
003609
000827
001133
000555_test
000003
003778
003122
001742
002656
000270
000647
000704
004120
003301
000946
001158
000618
001236
002521
004197
000824
001601
003983
000514_test
002366
002204
001340
000317
000985
001268
001091
002704
002885
002897
003613
000666
001047
003702
000677
002613
000655_test
000040
000966
001782
002839
000207
000424
004151
003272
000573_test
001223
000574_test
000313
001739
000747
002987
003230
004346
001511
001330
004288
001989
002414
003783
000339
003714
001212
003137
003138
000817
000543
002403
000062
002273
001335
001746
003459
001735
003363
002055
000625
000509_test
002086
000957
001162
001083
000186
000600
001863
001387
000567
001107
002150
001139
001536
001182
001165
003831
001645
002645
000064
001991
001553
000336
004191
001832
000552_test
004122
001950
000781
004190
001724
004387
000249
003075
002115
000601
002304
001561
000816
000742
000314
001146
002033
004163
001209
003160
000721
000315
000484
002823
001072
002566
001537
001957
002693
002020
003823
001402
000519
001905
000585_test
000308
002178
002875
000918
001728
002271
004029
001760
003428
002144
000470
000682_test
001159
000695
002202
000680
001262
001300
002228
000726
000591
001357
002816
000538
002292
004258
001979
002333
002097
001613
000131
004257
003697
002198
000537
002734
000502
000587
004102
002063
001549
001745
002397
002349
002661
001028
000588_test
002899
002523
004224
000099
000590_test
002696
000262_test
001048
000662
001333
003168
002623
002324
003820
002814
002166
000606_test
003292
001700
002802
000616_test
003380
002270
002590
003626
000750
001699
001377
002762
002790
001876
003773
000580
001733
003854
002364
000647_test
003494
001789
001450
002047
003656
000736
001593
001629
001405
002744
000673_test
001232
001246
003317
002685
002462
004210
002382
001811
002486
004058
004171
003693
002963
003766
003729
004247
001868
003379
000135
002199
002988
000547
004067
001993
000382
000262
002255
002481
000573
002195
002843
001878
001942
001566
004057
003632
003990
003106
000242
001129
003624
003384
002453
001580
000212
000652
000969
002920
002921
000367
003368
004100
001713
002442
002113
000609
000086
001237
000447
002362
004285
001909
002855
004342
002687
000529
002136
003650
004311
002183
003372
003056
001085
002633
001671
000271
001609
004087
000277
002538
002146
002848
001503
003663
001111
002559
002745
001324
000542_test
001495
002254
002698
000622_test
003134
000374
004050
003364
002330
001900
003243
000140
002794
002216
000176
001322
001379
001936
003892
003827
003136
002675
003188
003120
003082
002543
001665
000494
001407
001758
000254_test
002203
001327
001291
000979
000433
003652
001952
002825
000703
000760
004317
001461
000141
001034
000421
002699
002445
000599
000338
003211
002747
002684
002243
004246
002759
003866
000590
001552
004384
001570
002886
000562_test
002080
002415
002755
002847
000056
001759
001464
000632_test
002743
000298
001890
001234
004119
003739
003268
002660
001701
000655
003988
002345
003474
001607
000629_test
001872
003214
002867
000270_test
000075
001798
001664
001636
002185
003864
001587
000777
002509
003643
000678
000481
002052
002236
001585
004031
002256
003788
001481
003387
002135
001825
003681
002916
001299
003110
004360
004211
002944
000458
000713
002460
001367
002043
003141
004155
002181
004296
002079
001545
002844
000125
004286
002995
002491
000134
002149
003798
001738
000037
001652
000490
003267
000500
003462
003763
002217
000026
003060
003105
000513_test
003083
000603_test
001358
000965
000564
003817
001414
000259_test
000728
001845
003084
003348
003233
001462
001971
002130
000431
001130
001513
000614
002737
003509
001215
000243
001647
003694
000284_test
001364
002930
003146
000634_test
003772
002792
003027
002456
000225_test
002616
004010
002257
000635
001501
001716
002674
001976
000984
000236
002536
003482
001489
003718
002834
000222
002692
002036
000227
001125
003838
002028
002670
000389
004344
003732
001881
003378
000047
004008
002294
000041
000405
000724
001306
002376
002659
000071
002281
004276
003844
002240
002520
004015
000257
003113
001427
003600
002506
004004
000024
003675
002935
000221
001884
000517
002091
000571
003883
000234_test
000097
003809
000551_test
001226
002528
003206
003124
002206
003467
000570_test
001102
003640
000644_test
003825
002569
004101
001120
001328
001311
000608
001195
004150
003419
002383
000734
002083
003119
004330
001579
001257
000828
003860
002074
000002
001644
003872
000696_test
000169
000274_test
003396
004215
003793
003053
003375
000630
000268_test
002219
003285
001603
001279
002700
003347
002980
003309
001073
002777
003021
002573
000672_test
002009
003672
000485
002618
000464
004208
003821
001540
001169
003900
001960
003876
001310
001597
003173
000284
002941
001055
003592
000233
001535
000698_test
000675
002309
004220
001698
000264
000980
001506
002314
004165
001217
003610
001049
003356
000173
001743
003080
003255
003764
003352
004298
000951
001348
000528
001862
001115
001565
001483
000076
002798
003750
002595
001810
004326
000164
000712
000184
003345
004212
000757
000143
001518
000829
000659
000775
002817
003327
000296
001725
000455
002151
004049
000778
002498
001974
000739
004016
003034
000519_test
001819
000323
004370
002952
000196
001149
002354
003734
000536_test
000682
002098
000594
003335
000633_test
001749
002427
001866
000161
002593
003227
000970
001056
000741
000462
001638
003157
002164
002226
003787
003297
003894
000032
004292
000603
000263
002728
001757
003767
001259
004242
000685
001896
001491
000532_test
003085
000550
000255_test
003705
000504_test
002153
004186
002906
003680
002563
000666_test
004146
004013
001571
000247
000602_test
001423
000621
001889
004284
003598
003749
000756
000222_test
001682
001594
004133
001740
004093
003879
003995
001599
004003
004189
003498
003154
002750
000570
003296
003997
003810
000212_test
000987
001203
001342
001435
002932
003116
001633
000157
003250
001425
000705
001670
001703
004287
000316
000558
003319
000101
002716
000166
004088
004273
004324
000539_test
003044
003414
000227_test
001197
000451
002872
004277
001039
002038
001003
002454
002134
002957
001544
002094
000730
003671
004065
002066
001614
002213
002757
000380
000518
003743
001233
002122
004110
001156
004135
000511
002103
004318
003287
003851
000796
001777
001370
002440
002447
003781
003266
002677
001944
004214
002690
000475
003343
003275
002707
003504
001572
002222
001917
002760
002524
000648
004014
000624_test
001588
000479
000830
004386
003262
000454
001492
000240_test
000563_test
001616
000949
001704
001235
001063
001442
000916
001621
002120
000950
001892
003593
002439
003811
000565_test
000589_test
004351
004159
001341
001142
001113
004315
004021
004181
000112
002443
003248
001765
002575
002725
001988
002248
003776
003630
004112
004238
001734
001539
000798
002594
003874
001615
002586
000265_test
002474
001456
002736
001806
003289
000614_test
002880
003868
003727
002359
003490
001368
002119
000804
001283
002451
003877
000219
002157
002315
001127
003159
003077
004036
002325
000343
001930
003982
004114
002404
004044
000207_test
002024
001975
004203
003246
002982
002502
001604
000579
000745
002779
004160
000825
000422
000557
000774
000576_test
002922
000029
000217
001145
000554
002629
003313
003204
000257_test
000080
000358
002652
002766
000179
000912
002390
002931
003274
001929
000803
000105
003836
000800
000978
002974
000662_test
001448
003747
000335
003073
001032
000784
001038
003460
000761
002196
003006
001143
004243
003636
004240
001853
002245
002884
000595
003698
003849
003665
000055
001994
003594
003466
001455
001977
000930
001338
003298
002316
002155
003358
001959
004095
003606
003244
003828
000600_test
002360
000723
000162
000067
000368
000963
003283
001380
001958
001854
003172
000111
004005
003072
001856
000982
002751
002413
004084
000236_test
003097
001874
004308
000387
001016
001218
000158
003508
002073
003815
002819
003016
001737
002342
000445
002045
001136
000808
001353
002621
000597
001763
002956
001692
003644
003057
004006
004295
003786
002746
001722
004389
002601
001564
003169
001104
001719
002527
000944
001560
000058
002888
003473
000667
000014
003095
000235_test
000994
003030
000837
002820
000248_test
003407
001824
000556_test
000686_test
001674
002446
002799
003457
001983
001186
002934
000773
002085
000034
000452
004175
002435
000187
001708
004099
002121
001510
000568
002374
001245
003429
001947
000384
001225
000370
003620
002372
004353
002401
002276
000469
000302
003814
003724
001714
000641
002553
002287
000230
004178
002078
004294
000631_test
001997
001968
002753
001694
001434
000563
002829
001053
002482
001786
000620_test
000691_test
000010
000487
001066
001409
004039
002530
004201
003684
000206
004022
000129
003471
002141
001009
002992
001229
001869
001836
002278
000711
002295
003631
001813
001004
000839
001938
000621_test
001465
001132
003012
001706
000921
004253
001071
002783
002300
001951
001986
003399
003264
000642
003049
002464
000309
000474
001773
002516
004017
002964
000517_test
002347
002909
004170
003308
002172
001867
003197
000190
004237
003450
003449
003780
000826
004182
002603
000610_test
000202_test
004032
000191
004127
002767
000554_test
003801
004252
004158
003830
001106
000397
002810
003888
001517
001312
004185
001179
000553
001061
001309
001885
002832
001284
000206_test
000693
001238
002496
001092
001026
001578
000083
002343
001858
000642_test
004037
002011
002327
001385
000903
001727
000290_test
000477
001948
004062
001967
001512
002678
001463
001189
001214
001272
001741
004239
002411
001420
000145
000104
000278_test
001468
004200
003774
001155
000608_test
001934
000943
002054
002077
002133
000225
002631
003615
000016
003179
002782
000357
000596
002335
000771
002587
000653
001010
002234
002023
000272_test
004040
000204
000628
004202
001496
001013
002406
003897
001261
000408
003863
000346
002408
003096
002722
002986
003393
000440
000321
001208
000350
001494
001365
002368
002092
001524
001857
003048
003824
002592
004154
002227
002570
000790
000220
000148
002483
000371
002835
000430
002182
002223
002807
000999
000406
000526
003127
000688_test
002646
001574
000294_test
002584
002005
000524_test
000312
000400
003618
003051
001731
001305
002423
000627_test
001667
001548
001267
002332
000618_test
002410
001793
000266_test
001887
001027
002540
002664
001873
004098
001493
003670
001794
001906
000282
001817
000133
002831
002997
001277
004009
000264_test
000651
003634
000534_test
000497
001925
003131
003599
002246
003023
004340
000011
000427
003191
003273
001655
001199
000195
003431
003633
001899
001660
003605
002862
001556
000577_test
000061
004069
001748
001686
001282
002132
002610
000939
000232
000095
000224_test
002417
001656
002162
002785
002878
002959
001923
000807
001460
003855
001871
003432
002101
003469
000048
002207
001296
000372
003602
001882
000550_test
004231
001329
002381
004307
000725
002145
000961
001354
000489
000610
000661
002158
002620
003719
000230_test
003196
001176
002312
000568_test
002344
000937
002426
000578
003338
002318
004352
003381
000094
001575
000512_test
002680
002391
003142
002775
001790
002967
003464
001828
004026
001990
003344
002512
004138
001431
003981
002476
002087
003222
000019
000941
001515
001931
003591
003252
000142
004228
002735
000146
004378
000233_test
000588
003045
003898
002985
002016
001478
003797
002424
003148
001978
003444
001841
000611_test
001831
003470
001430
003735
002554
003195
003769
004367
002231
001334
001029
002910
000492
002845
003237
003330
000815
000295_test
003409
001775
000348
000822
001222
003245
001924
000549
002298
000109
000523_test
002048
001504
003711
001963
000263_test
000359
000420
004137
001904
004204
000435
003993
000927
004107
001577
001086
002822
000004
000546
001185
002501
003427
000044
000626
000567_test
003103
000556
001781
001088
000643
004339
000561_test
002715
001415
000634
002676
004209
003846
002431
001943
003816
000468
004002
000645
002019
002367
000437
001926
000668
003259
002655
000330
002565
002695
004305
001275
000591_test
003662
000174
004025
004075
001044
004250
002961
000907
001467
001954
003089
002647
002220
001089
003360
003730
000934
001108
003003
003217
001533
000046
000279
000583
000832
001774
003792
002905
000593_test
002118
000664
001800
000681
004331
001174
002459
000938
000699
002384
000231
002852
000178
001639
000365
001317
003170
003004
003858
000758
000695_test
004383
002260
000992
000558_test
001058
001024
001805
004261
001255
002293
000967
002044
003790
004077
001605
002666
000147
000414
002532
000574
000831
001998
000579_test
004054
003221
001124
000765
000275
000617_test
003390
003985
003779
001710
001454
001770
002189
001360
000974
002772
000977
003761
003240
001363
002598
002265
002299
003720
002186
003507
003503
001031
004213
000653_test
001918
001051
003008
004164
001252
002958
002329
002634
002492
004325
003655
001541
000360
003373
002177
003451
001595
001981
002058
001969
000786
000904
002876
004167
000493
002258
000785
001239
003430
000975
000998
003261
003388
003722
003316
001067
002489
002719
002305
000516
000018
000293
004355
002388
002351
003413
003238
000909
000015
003332
000582
003753
003804
003614
001961
000561
001411
004302
002175
000720
000569_test
001167
000349
001437
003039
003813
002350
001035
001207
001500
003461
000604
001213
000959
002724
000393
000306
004126
001164
001949
000564_test
000265
001224
003144
002249
003865
000783
002500
001458
001965
003010
003627
002296
001152
000373
002859
002971
002505
001352
003202
004219
004263
003712
001264
003000
000021
000425
000442
000953
000612
002811
002960
002933
001945
000687_test
001161
001526
000049
003689
000291_test
002739
003071
003184
000246_test
000544_test
000989
000531
001557
001421
001850
002972
001475
000539
000908
000072
001563
000409
001898
002194
002422
002667
000376
004230
001201
000700
001985
003305
000503
003799
000740
000759
001723
000629
004128
000686
003228
001422
002493
002926
003638
000648_test
002637
003329
000597_test
001980
002328
000210_test
000410
001395
000690
000976
002110
004053
001037
000237
003140
000103
004217
000052
000398
002708
000640
004111
002887
001362
003271
002337
003891
004359
001100
000256_test
001880
003392
001498
001543
000737
000423
001937
001471
003659
003625
001404
000581
003695
002208
003635
003284
001270
003612
003688
003101
001477
002160
003708
003145
000154
003186
000436
002671
002069
000540
002184
002100
000078
000557_test
001591
001721
002111
002274
000209_test
001497
000289
002608
002786
000547_test
000622
003435
003405
001318
004385
000620
000238_test
000657_test
000395
003320
004177
001507
002190
002770
000663
003472
000331
001562
001436
002261
004194
001144
000466
000636_test
002669
001453
001847
003736
002515
002769
001114
000137
000562
002572
001685
002865
000541_test
001626
001662
004354
000319
003205
000670
004293
000281_test
001219
004104
003696
003438
002322
000280
003803
001600
001391
000716
001920
003818
002733
004011
003300
003086
000521_test
000613
004148
001253
001441
002070
003014
003822
002007
004236
000282_test
000213
001672
003100
003342
003303
000054
002436
004245
003777
000352
002711
003651
000159
001122
001547
000995
000446
001097
000566_test
001298
000205_test
002826
000769
000070
000426
001754
002694
001709
000438
004234
001860
002518
001534
003038
002977
003069
000027
001416
003839
003143
002686
000660_test
000280_test
003377
002614
002356
002611
002854
000623
003478
000788
000472
000121
000250
003231
000181
001068
000507_test
001640
001531
000285_test
000700_test
004090
001190
000689_test
003041
000277_test
003042
003058
003066
000025
004199
004321
000801
003486
003117
001154
003999
000650
004244
001712
004205
000929
000355
000364
002953
000473
004066
002137
000180
004073
000167
000820
001041
004070
001138
002057
001202
000955
002644
000182
002813
004023
